-3.327314,-0.01994306,-549.6567	0,0,0,1	stand	False	False	0,0,0	0,0,0,
-3.327314,-0.0199427,-549.6567	0,0,0,1	stand	False	False	0,0,0	0,0,0,
-3.327314,-0.01994234,-549.6567	0,0,0,1	stand	False	False	0,0,0	0,0,0,
-3.327314,-0.01994199,-549.6567	0,0,0,1	stand	False	False	0,0,0	0,0,0,
-3.327314,-0.01994163,-549.6567	0,0,0,1	stand	False	False	0,0,0	0,0,0,
-3.327314,-0.01994127,-549.6567	0,0,0,1	stand	False	False	0,0,0	0,0,0,
-3.327314,-0.01994395,-549.6567	0,0,0,1	stand	False	False	0,0,0	0,0,0,
-3.327314,-0.01994359,-549.4615	0,0,0,1	run	False	False	0,0,0	0,0,0,
-3.327314,-0.01994324,-549.2164	0,0,0,1	run	False	False	0,0,0	0,0,0,
-3.327314,-0.01994288,-548.9712	0,0,0,1	jump	False	False	0,0,0	0,0,0,
-3.327314,-0.01994252,-548.726	0,0,0,1	jump	False	False	0,0,0	0,0,0,
-3.327313,-0.01994216,-548.4808	0,0,0,1	jump	False	False	0,0,0	0,0,0,
-3.327313,-0.01994181,-548.2357	0,0,0,1	jump	False	False	0,0,0	0,0,0,
-3.327313,-0.01994145,-547.9905	0,0,0,1	jump	False	False	0,0,0	0,0,0,
-3.327313,-0.01994109,-547.7453	0,0,0,1	jump	False	False	0,0,0	0,0,0,
-3.327313,0.1320589,-547.4953	0,0,0,1	jump	False	False	0,0,0	0,0,0,
-3.327313,0.436059,-547.2453	0,0,0,1	jump	False	False	0,0,0	0,0,0,
-3.327313,0.732059,-546.9953	0,0,0,1	air_rise	False	False	0,0,0	0,0,0,
-3.327313,1.020059,-546.7453	0,0,0,1	air_rise	False	False	0,0,0	0,0,0,
-3.327313,1.300059,-546.4953	0,0,0,1	air_rise	False	False	0,0,0	0,0,0,
-3.327313,1.572059,-546.2453	0,0,0,1	air_rise	False	False	0,0,0	0,0,0,
-3.327313,1.836059,-545.9953	0,0,0,1	air_rise	False	False	0,0,0	0,0,0,
-3.327313,2.092059,-545.7453	0,0,0,1	air_rise	False	False	0,0,0	0,0,0,
-3.327313,2.34006,-545.4953	0,0,0,1	air_rise	False	False	0,0,0	0,0,0,
-3.327313,2.58006,-545.2453	0,0,0,1	air_rise	False	False	0,0,0	0,0,0,
-3.327313,2.81206,-544.9953	0,0,0,1	air_rise	False	False	0,0,0	0,0,0,
-3.327313,3.03606,-544.7453	0,0,0,1	air_rise	False	False	0,0,0	0,0,0,
-3.327313,3.25206,-544.4845	0,0,0,1	air_rise	False	False	0,0,0	0,0,0,
-3.327313,3.46006,-544.2129	0,0,0,1	air_rise	False	False	0,0,0	0,0,0,
-3.327313,3.66006,-543.9305	0,0,0,1	air_rise	False	False	0,0,0	0,0,0,
-3.327313,3.85206,-543.6373	0,0,0,1	air_rise	False	False	0,0,0	0,0,0,
-3.327313,4.03606,-543.3333	0,0,0,1	air_rise	False	False	0,0,0	0,0,0,
-3.327313,4.212061,-543.0184	0,0,0,1	air_rise	False	False	0,0,0	0,0,0,
-3.327313,4.380061,-542.6928	0,0,0,1	air_rise	False	False	0,0,0	0,0,0,
-3.327313,4.540062,-542.3564	0,0,0,1	air_rise	False	False	0,0,0	0,0,0,
-3.327595,4.692062,-542.0092	0,0,0,1	air_rise	False	False	0,0,0	0,0,0,
-3.328913,4.836062,-541.6512	0,-0.001570746,0,0.9999988	air_rise	False	False	0,0,0	0,0,0,
-3.332199,4.972063,-541.2827	0,-0.007140401,0,0.9999745	air_rise	False	False	0,0,0	0,0,0,
-3.337914,5.100062,-540.9036	0,-0.01727024,0,0.9998509	air_rise	False	False	0,0,0	0,0,0,
-3.346379,5.220063,-540.514	0,-0.02879625,0,0.9995853	air_rise	False	False	0,0,0	0,0,0,
-3.357957,5.332063,-540.1141	0,-0.04076573,0,0.9991688	air_rise	False	False	0,0,0	0,0,0,
-3.373184,5.436063,-539.7041	0,-0.05338328,0,0.9985741	air_rise	False	False	0,0,0	0,0,0,
-3.392761,5.532063,-539.2842	0,-0.06760766,0,0.997712	air_rise	False	False	0,0,0	0,0,0,
-3.417283,5.620063,-538.8547	0,-0.0842746,0,0.9964426	air_rise	False	False	0,0,0	0,0,0,
-3.447123,5.700063,-538.4158	0,-0.1025569,0,0.9947272	air_rise	False	False	0,0,0	0,0,0,
-3.482322,5.772063,-537.9675	0,-0.1209548,0,0.992658	air_rise	False	False	0,0,0	0,0,0,
-3.52288,5.836063,-537.5098	0,-0.1373843,0,0.9905179	air_rise	False	False	0,0,0	0,0,0,
-3.568798,5.892064,-537.0427	0,-0.1518223,0,0.9884079	air_rise	False	False	0,0,0	0,0,0,
-3.620074,5.940064,-536.5663	0,-0.1645087,0,0.9863756	air2	False	False	0,0,0	0,0,0,
-3.676669,5.980064,-536.0804	0,-0.1756555,0,0.9844517	air2	False	False	0,0,0	0,0,0,
-3.738251,6.012064,-535.585	0,-0.1851929,0,0.9827022	air2	False	False	0,0,0	0,0,0,
-3.803703,6.036064,-535.0795	0,-0.1915212,0,0.9814885	air2	False	False	0,0,0	0,0,0,
-3.871354,6.052064,-534.5635	0,-0.1904078,0,0.9817051	air2	False	False	0,0,0	0,0,0,
-3.939005,6.060064,-534.0474	0,-0.1799172,0,0.9836817	air2	False	False	0,0,0	0,0,0,
-4.006657,6.060064,-533.5314	0,-0.1706655,0,0.985329	air2	False	False	0,0,0	0,0,0,
-4.074308,6.052064,-533.0153	0,-0.1625094,0,0.986707	air2	False	False	0,0,0	0,0,0,
-4.141959,6.036065,-532.4993	0,-0.1553215,0,0.987864	air2	False	False	0,0,0	0,0,0,
-4.20961,6.012065,-531.9832	0,-0.1489884,0,0.988839	air2	False	False	0,0,0	0,0,0,
-4.285972,6.131951,-531.4541	0,-0.2900481,0,0.9570121	air_hook_r_just	False	False	0,0,0	0,0,0,
-4.376502,6.406124,-530.8887	0,-0.2901126,0,0.9569925	dash	False	False	0,0,0	0,0,0,
-4.475888,6.683356,-530.3103	0,-0.2901126,0,0.9569925	dash	False	False	0,0,0	0,0,0,
-4.584236,6.963632,-529.7191	-0.008149079,-0.2902507,0.01520351,0.9567952	dash	False	False	0,0,0	0,0,0,
-4.701652,7.246937,-529.115	-0.01545008,-0.2907365,0.02852387,0.9562531	dash	False	False	0,0,0	0,0,0,
-4.828249,7.533256,-528.4982	0,0.07193278,0,0.9974095	dash	False	False	0,0,0	0,0,0,
-4.849346,7.822578,-527.077	0,0.07193278,0,0.9974095	dash	False	False	0,0,0	0,0,0,
-4.879331,8.104812,-525.6935	-0.008746373,0.02707293,0.01508971,0.9994813	dash	False	False	0,0,0	0,0,0,
-4.918204,8.38007,-524.3478	-0.02179654,-0.01331471,0.03107577,0.9991906	dash	False	False	0,0,0	0,0,0,
-4.966126,8.649667,-523.0344	-0.03349183,-0.05078466,0.04528578,0.9971201	dash	False	False	0,0,0	0,0,0,
-5.023173,8.914032,-521.7517	-0.04399283,-0.08566531,0.05790693,0.9936664	dash	False	False	0,0,0	0,0,0,
-5.089275,9.172836,-520.5022	-0.05348448,-0.1182741,0.06911057,0.9891281	dash	False	False	0,0,0	0,0,0,
-5.164542,9.426649,-519.2838	-0.06211457,-0.1489163,0.0790574,0.9837254	dash	False	False	0,0,0	0,0,0,
-5.248936,9.675448,-518.0971	-0.06999792,-0.1778736,0.08789565,0.9776173	dash	False	False	0,0,0	0,0,0,
-5.342131,9.918444,-516.9468	-0.0772634,-0.2053986,0.09575367,0.9709135	dash	False	False	0,0,0	0,0,0,
-5.444611,10.15721,-515.8259	-0.08401166,-0.2317184,0.1027477,0.9636865	dash	False	False	0,0,0	0,0,0,
-5.556297,10.39172,-514.735	-0.09031109,-0.2570281,0.1089829,0.9559829	dash	False	False	0,0,0	0,0,0,
-5.677212,10.61835,-513.673	-0.0957549,-0.2791938,0.1146346,0.9485466	dash	False	False	0,0,0	0,0,0,
-5.793994,10.82924,-512.6472	-0.08451715,-0.3011878,0.1011812,0.9444073	dash	False	False	0,0,0	0,0,0,
-5.906836,11.02501,-511.6559	-0.07454823,-0.3203855,0.08924671,0.9401227	dash	False	False	0,0,0	0,0,0,
-6.016218,11.20678,-510.6952	-0.06572086,-0.3371429,0.07867888,0.9358553	dash	False	False	0,0,0	0,0,0,
-6.121637,11.37396,-509.7692	-0.0579153,-0.3517736,0.06933431,0.9317156	dash	False	False	0,0,0	0,0,0,
-6.223725,11.52786,-508.8725	-0.05102074,-0.3645519,0.06108037,0.9277759	dash	False	False	0,0,0	0,0,0,
-6.322133,11.66821,-508.0081	-0.04493599,-0.3757173,0.0537959,0.9240797	dash	False	False	0,0,0	0,0,0,
-6.417158,11.79573,-507.1734	-0.03956942,-0.3854783,0.04737122,0.9206502	dash	False	False	0,0,0	0,0,0,
-6.508877,11.91082,-506.3678	-0.03483866,-0.3940158,0.04170771,0.9174957	dash	False	False	0,0,0	0,0,0,
-6.5974,12.0139,-505.5902	-0.03067,-0.4014869,0.03671712,0.9146144	dash	False	False	0,0,0	0,0,0,
-6.682991,12.10557,-504.8384	-0.02699777,-0.4080281,0.03232085,0.9119976	dash	False	False	0,0,0	0,0,0,
-6.765622,12.18607,-504.1126	-0.02376361,-0.4137579,0.02844902,0.909632	dash	False	False	0,0,0	0,0,0,
-6.845685,12.25606,-503.4093	-0.02091577,-0.4187792,0.02503968,0.9075019	dash	False	False	0,0,0	0,0,0,
-6.922938,12.3156,-502.7308	-0.01840847,-0.4231814,0.02203802,0.9055899	dash	False	False	0,0,0	0,0,0,
-6.997401,12.36498,-502.0767	-0.01620121,-0.4270423,0.01939557,0.9038785	stand	False	False	0,0,0	0,0,0,
-7.071865,12.40637,-501.4226	-0.01425827,-0.4304297,0.01706954,0.9023501	stand	False	False	0,0,0	0,0,0,
-7.146328,12.43976,-500.7685	-0.0125481,-0.4334026,0.01502218,0.9009879	stand	False	False	0,0,0	0,0,0,
-7.220791,12.46515,-500.1144	-0.01104289,-0.4360125,0.01322018,0.8997757	air2	False	False	0,0,0	0,0,0,
-7.295255,12.48253,-499.4604	-0.00971812,-0.4383044,0.01163422,0.8986987	air2_right	False	False	0,0,0	0,0,0,
-7.369718,12.49192,-498.8063	-0.008552206,-0.4403174,0.01023842,0.8977431	air2_right	False	False	0,0,0	0,0,0,
-7.444181,12.49331,-498.1522	-0.007526119,-0.4420859,0.009010023,0.8968959	air2_right	False	False	0,0,0	0,0,0,
-7.518645,12.48669,-497.4981	-0.006623105,-0.4436398,0.007928965,0.8961456	air2_right	False	False	0,0,0	0,0,0,
-7.592731,12.47208,-496.8333	0,0.01745255,0,0.9998477	dash	False	False	0,0,0	0,0,0,
-7.638897,12.44947,-495.3689	0,0.01745255,0,0.9998477	dash	False	False	0,0,0	0,0,0,
-7.683358,12.41969,-493.9586	0,0.01745255,0,0.9998477	dash	False	False	0,0,0	0,0,0,
-7.726352,12.3829,-492.5948	0,0.01745255,0,0.9998477	dash	False	False	0,0,0	0,0,0,
-7.767894,12.33934,-491.2772	0,0.01745255,0,0.9998477	dash	False	False	0,0,0	0,0,0,
-7.808119,12.28917,-490.0012	0,0.01745255,0,0.9998477	dash	False	False	0,0,0	0,0,0,
-7.846893,12.23281,-488.7713	0,0.01745255,0,0.9998477	dash	False	False	0,0,0	0,0,0,
-7.884323,12.1704,-487.5841	0,0.01745255,0,0.9998477	dash	False	False	0,0,0	0,0,0,
-7.913311,12.26887,-486.4202	0,0.2235852,0,0.9746844	air_hook_r_just	False	False	0,0,0	0,0,0,
-7.927689,12.53536,-485.2265	0,0.2239928,0,0.9745908	dash	False	False	0,0,0	0,0,0,
-7.934628,12.80241,-484.0179	0,0.2239928,0,0.9745908	dash	False	False	0,0,0	0,0,0,
-7.933986,13.07003,-482.7947	-0.007148202,0.2245508,-0.002415468,0.9744332	dash	False	False	0,0,0	0,0,0,
-7.925619,13.33822,-481.5567	-0.01352773,0.2255836,-0.004502335,0.9741195	dash	False	False	0,0,0	0,0,0,
-7.909379,13.607,-480.3042	-0.01923079,0.227057,-0.006298837,0.9736712	dash	False	False	0,0,0	0,0,0,
-7.885111,13.87638,-479.0371	-0.02433877,0.2289419,-0.007838606,0.9731042	dash	False	False	0,0,0	0,0,0,
-7.852655,14.14637,-477.7557	-0.02892337,0.2312137,-0.009151191,0.9724299	dash	False	False	0,0,0	0,0,0,
-7.811847,14.41697,-476.4599	-0.03304783,0.233852,-0.01026252,0.9716562	dash	False	False	0,0,0	0,0,0,
-7.762515,14.68821,-475.1499	-0.03676784,0.2368406,-0.01119532,0.970788	dash	False	False	0,0,0	0,0,0,
-7.704482,14.9601,-473.8259	-0.04013247,0.2401669,-0.01196947,0.9698278	dash	False	False	0,0,0	0,0,0,
-7.637563,15.23265,-472.4878	-0.0431849,0.2438217,-0.01260237,0.9687762	dash	False	False	0,0,0	0,0,0,
-7.561567,15.50589,-471.1359	-0.04596323,0.2477992,-0.01310917,0.9676317	dash	False	False	0,0,0	0,0,0,
-7.476295,15.77983,-469.7703	-0.04850097,0.252097,-0.01350306,0.9663915	dash	False	False	0,0,0	0,0,0,
-7.381541,16.0545,-468.3912	-0.05082768,0.2567154,-0.01379548,0.965051	dash	False	False	0,0,0	0,0,0,
-7.277089,16.3299,-466.9986	-0.05296941,0.261658,-0.01399633,0.9636044	attack1_hook_r2	False	False	0,0,0	0,0,0,
-7.162433,16.60608,-465.5821	-0.06855159,0.01305894,0.0008973993,0.9975617	attack1_hook_r2	False	False	0,0,0	0,0,0,
-7.03744,16.87903,-464.1416	-0.06855159,0.01305894,0.0008973993,0.9975617	attack1_hook_r2	False	False	0,0,0	0,0,0,
-6.912165,17.14398,-462.6903	-0.07126444,0.01305645,0.0009329128,0.9973716	attack1_hook_r2	False	False	0,0,0	0,0,0,
-6.786608,17.40093,-461.2282	-0.07334249,0.01305448,0.0009601162,0.9972209	attack1_hook_r2	False	False	0,0,0	0,0,0,
-6.66072,17.64988,-459.7554	-0.07484327,0.01305302,0.0009797628,0.9971094	attack1_hook_r2	False	False	0,0,0	0,0,0,
-6.534362,17.89083,-458.2717	-0.07582366,0.01331292,0.001014334,0.9970319	attack1_hook_r2	False	False	0,0,0	0,0,0,
-6.407391,18.12378,-456.7773	-0.07633597,0.01432483,0.001102329,0.9969786	attack1_hook_r2	False	False	0,0,0	0,0,0,
-6.279573,18.34873,-455.2721	-0.07643253,0.01599882,0.001232651,0.9969456	attack1_hook_r2	False	False	0,0,0	0,0,0,
-6.15072,18.56569,-453.7561	-0.07616704,0.01877769,0.001434623,0.9969172	attack1_hook_r2	False	False	0,0,0	0,0,0,
-6.020597,18.77464,-452.2294	-0.07558765,0.0222681,0.001673577,0.9968891	attack1_hook_r2	False	False	0,0,0	0,0,0,
-5.889112,18.97559,-450.692	-0.07474142,0.02664575,0.001957582,0.996845	attack1_hook_r2	False	False	0,0,0	0,0,0,
-5.756169,19.16854,-449.144	-0.07366613,0.03102124,0.002222577,0.9967979	attack1_hook_r2	False	False	0,0,0	0,0,0,
-5.621724,19.35349,-447.5852	-0.07239435,0.03539481,0.002468311,0.9967448	attack1_hook_r2	False	False	0,0,0	0,0,0,
-5.485729,19.53044,-446.0157	-0.07094524,0.0395057,0.002678101,0.996694	attack1_hook_r2	False	False	0,0,0	0,0,0,
-5.348185,19.69939,-444.4355	-0.06933454,0.04338542,0.002854413,0.9966455	attack1_hook_r2	False	False	0,0,0	0,0,0,
-5.209044,19.86034,-442.8447	0,0.07410866,0,0.9972502	dash	False	False	0,0,0	0,0,0,
-4.951654,20.01329,-440.4626	0,0.07410866,0,0.9972502	dash	False	False	0,0,0	0,0,0,
-4.703445,20.15279,-438.1655	0,0.07410866,0,0.9972502	dash	False	False	0,0,0	0,0,0,
-4.463413,20.27969,-435.9441	0,0.07410866,0,0.9972502	dash	False	False	0,0,0	0,0,0,
-4.231805,20.39413,-433.8006	0,0.07410866,0,0.9972502	dash	False	False	0,0,0	0,0,0,
-4.008282,20.49658,-431.732	0,0.07410866,0,0.9972502	dash	False	False	0,0,0	0,0,0,
-3.792439,20.58751,-429.7344	0,0.07410866,0,0.9972502	dash	False	False	0,0,0	0,0,0,
-3.583147,20.66769,-427.7975	0,0.07410866,0,0.9972502	dash	False	False	0,0,0	0,0,0,
-3.380912,20.73715,-425.9258	0,0.07410866,0,0.9972502	dash	False	False	0,0,0	0,0,0,
-3.185761,20.79619,-424.1198	0,0.07410866,0,0.9972502	dash	False	False	0,0,0	0,0,0,
-2.997037,20.84528,-422.3732	0,0.07410866,0,0.9972502	dash	False	False	0,0,0	0,0,0,
-2.815306,20.88455,-420.6913	0,0.07410866,0,0.9972502	dash	False	False	0,0,0	0,0,0,
-2.639147,20.91462,-419.061	0,0.07410866,0,0.9972502	dash	False	False	0,0,0	0,0,0,
-2.469779,20.93553,-417.4935	0,0.07410866,0,0.9972502	dash	False	False	0,0,0	0,0,0,
-2.305969,20.94775,-415.9775	0,0.07410866,0,0.9972502	dash	False	False	0,0,0	0,0,0,
-2.142158,20.95197,-414.4615	0,0.07410866,0,0.9972502	dash	False	False	0,0,0	0,0,0,
-1.978347,20.94819,-412.9455	0,0.07410866,0,0.9972502	dash	False	False	0,0,0	0,0,0,
-1.814537,20.93642,-411.4294	0,0.07410866,0,0.9972502	dash	False	False	0,0,0	0,0,0,
-1.650726,20.91664,-409.9134	0,0.07410866,0,0.9972502	dash	False	False	0,0,0	0,0,0,
-1.486915,20.88886,-408.3974	0,0.07410866,0,0.9972502	dash	False	False	0,0,0	0,0,0,
-1.323105,20.85308,-406.8814	0,0.07410866,0,0.9972502	dash	False	False	0,0,0	0,0,0,
-1.159294,20.80931,-405.3654	0,0.07410866,0,0.9972502	dash	False	False	0,0,0	0,0,0,
-0.9954835,20.75753,-403.8493	0,0.07410866,0,0.9972502	dash	False	False	0,0,0	0,0,0,
-0.8316728,20.69775,-402.3333	0,0.07410866,0,0.9972502	dash	False	False	0,0,0	0,0,0,
-0.6678621,20.62997,-400.8173	0,0.07410866,0,0.9972502	dash	False	False	0,0,0	0,0,0,
-0.5040514,20.5542,-399.3013	0,0.07410866,0,0.9972502	stand	False	False	0,0,0	0,0,0,
-0.3402408,20.47042,-397.7852	0,0.07410866,0,0.9972502	stand	False	False	0,0,0	0,0,0,
-0.1764301,20.37864,-396.2692	0,0.07410866,0,0.9972502	stand	False	False	0,0,0	0,0,0,
-0.01261946,20.27886,-394.7532	0,0.07410866,0,0.9972502	stand	False	False	0,0,0	0,0,0,
0.1635896,20.33405,-393.2054	0,0.1845289,0,0.9828271	air_hook_r_just	False	False	0,0,0	0,0,0,
0.3461243,20.38746,-391.6417	0,0.1845289,0,0.9828271	air_hook	False	False	0,0,0	0,0,0,
0.5336621,20.43915,-390.0516	-0.008709777,0.1847837,-0.00211402,0.9827384	air_hook	False	False	0,0,0	0,0,0,
0.7263469,20.48918,-388.435	-0.0164716,0.1854988,-0.003935524,0.9824985	air_hook	False	False	0,0,0	0,0,0,
0.9243332,20.53761,-386.7921	-0.02345419,0.1866593,-0.005493619,0.9821293	air_hook	False	False	0,0,0	0,0,0,
1.127788,20.58451,-385.1229	-0.02975125,0.1882583,-0.006816282,0.9816452	air_hook	False	False	0,0,0	0,0,0,
1.336893,20.62994,-383.4276	-0.03544553,0.1902949,-0.00792776,0.9810549	air_hook	False	False	0,0,0	0,0,0,
1.551842,20.67401,-381.7062	-0.04061003,0.1927744,-0.008848922,0.9803625	air_hook	False	False	0,0,0	0,0,0,
1.77285,20.71678,-379.9589	-0.04530919,0.195709,-0.009597565,0.9795678	air_hook	False	False	0,0,0	0,0,0,
2.000149,20.75838,-378.1858	-0.04959985,0.199118,-0.01018866,0.9786665	air_hook	False	False	0,0,0	0,0,0,
2.233993,20.7989,-376.3871	-0.05353221,0.2030295,-0.01063456,0.9776504	air_hook	False	False	0,0,0	0,0,0,
2.47466,20.83848,-374.5628	-0.05715061,0.2074805,-0.01094511,0.9765069	air_hook	False	False	0,0,0	0,0,0,
2.722505,20.87725,-372.7133	-0.06049429,0.2125196,-0.01112779,0.975219	air_hook	False	False	0,0,0	0,0,0,
2.978006,20.91537,-370.8388	-0.06359804,0.2182083,-0.01118767,0.9737635	air_hook	False	False	0,0,0	0,0,0,
3.241914,20.95303,-368.9394	-0.06649281,0.2246241,-0.01112728,0.9721106	air_hook	False	False	0,0,0	0,0,0,
3.515067,20.9904,-367.0156	-0.06920629,0.2318637,-0.01094641,0.9702216	air_hook	False	False	0,0,0	0,0,0,
3.803239,21.02569,-365.061	-0.07176348,0.2400475,-0.01064163,0.9680465	air_hook	False	False	0,0,0	0,0,0,
4.091269,21.05298,-363.0956	-0.06338407,0.2107048,-0.009399068,0.9754474	air2	False	False	0,0,0	0,0,0,
4.379158,21.07227,-361.1194	-0.05593148,0.1851429,-0.008293941,0.9810836	air2	False	False	0,0,0	0,0,0,
4.666906,21.08356,-359.1324	-0.04932476,0.1624865,-0.007314248,0.98545	air2	False	False	0,0,0	0,0,0,
4.954513,21.08686,-357.1346	-0.04347763,0.1424381,-0.006447191,0.9888273	air2	False	False	0,0,0	0,0,0,
5.241978,21.08215,-355.126	-0.03830941,0.12472,-0.005680807,0.9914358	air2	False	False	0,0,0	0,0,0,
5.529302,21.06944,-353.1067	-0.0337458,0.1090766,-0.00500408,0.9934478	air2	False	False	0,0,0	0,0,0,
5.81639,21.04873,-351.0765	-0.02971919,0.09527537,-0.004406984,0.9949975	air2	False	False	0,0,0	0,0,0,
6.10296,21.02002,-349.0355	-0.02616975,0.08258662,-0.003880647,0.9962327	air2	False	False	0,0,0	0,0,0,
6.388682,20.98331,-346.9838	-0.02304407,0.06984128,-0.003417148,0.9972861	air2	False	False	0,0,0	0,0,0,
6.673182,20.9386,-344.9213	-0.02029213,0.0567865,-0.003009069,0.9981756	air2	False	False	0,0,0	0,0,0,
6.955993,20.88589,-342.8481	-0.01786962,0.04319935,-0.002649842,0.9989032	air2	False	False	0,0,0	0,0,0,
7.236697,20.82518,-340.7644	-0.01573784,0.02862325,-0.002333726,0.9994637	air2	False	False	0,0,0	0,0,0,
7.51323,21.04837,-338.6597	0,-0.08489246,0,0.9963901	air_hook_r_just	False	False	0,0,0	0,0,0,
7.785128,21.28154,-336.5348	0,-0.08489246,0,0.9963901	air_hook_r_just	False	False	0,0,0	0,0,0,
8.052006,21.52509,-334.3902	-0.01135474,-0.08833116,0.0009975812,0.996026	air_hook_r_just	False	False	0,0,0	0,0,0,
8.313519,21.77943,-332.2268	-0.02147459,-0.09356663,0.0016556,0.99538	air_hook_r_just	False	False	0,0,0	0,0,0,
8.569407,22.04494,-330.0453	-0.03050553,-0.1008788,0.001978656,0.994429	air_hook_r_just	False	False	0,0,0	0,0,0,
8.819445,22.322,-327.8466	-0.03857784,-0.1106928,0.001960057,0.9931037	air_hook_r_just	False	False	0,0,0	0,0,0,
9.063409,22.61095,-325.6318	-0.04580907,-0.1236512,0.001577662,0.9912666	air_hook_r_just	False	False	0,0,0	0,0,0,
9.301074,22.91212,-323.4019	-0.05230759,-0.1407258,0.0007864372,0.9886656	air_hook_r_just	False	False	0,0,0	0,0,0,
9.532219,23.22573,-321.1579	-0.05817861,-0.1633839,-0.0004943757,0.9848455	air_hook_r_just	False	False	0,0,0	0,0,0,
9.756634,23.55198,-318.9012	-0.06353448,-0.1937667,-0.002401478,0.9789852	air_hook_r_just	False	False	0,0,0	0,0,0,
9.974121,23.89094,-316.6331	-0.06850804,-0.2346146,-0.005148428,0.9696578	air_hook_r_just	False	False	0,0,0	0,0,0,
10.18451,24.24261,-314.3548	-0.07324626,-0.2881519,-0.009002142,0.9547369	air_hook_r_just	False	False	0,0,0	0,0,0,
10.38764,24.60689,-312.0678	-0.07782933,-0.3535861,-0.01412559,0.9320515	air_hook_r_just	False	False	0,0,0	0,0,0,
10.5459,25.13746,-309.8089	-0.08217289,-0.426234,-0.02037323,0.9006426	air_hook_r_just	False	False	0,0,0	0,0,0,
10.65446,25.8453,-307.5953	-0.08604498,-0.5002698,-0.02735298,0.8611494	air_hook_r_just	False	False	0,0,0	0,0,0,
10.71256,26.72563,-305.4419	-0.08929726,-0.5713632,-0.03458113,0.8150916	air_hook_r_just	False	False	0,0,0	0,0,0,
10.71983,27.77246,-303.3634	-0.09182151,-0.6369475,-0.04173435,0.7642807	air_hook_r_just	False	False	0,0,0	0,0,0,
10.72408,28.81129,-301.2745	-0.0933414,-0.6957787,-0.04862989,0.710503	air_hook_r_just	False	False	0,0,0	0,0,0,
10.7253,29.84212,-299.1752	-0.08391641,-0.6428503,-0.04371957,0.7601251	air_hook_r_just	False	False	0,0,0	0,0,0,
10.7236,30.86494,-297.0656	-0.0750992,-0.5925528,-0.03912589,0.8010684	air_hook_r_just	False	False	0,0,0	0,0,0,
10.7191,31.87977,-294.9455	-0.06697948,-0.5451494,-0.0348956,0.8349301	air_hook_r_just	False	False	0,0,0	0,0,0,
10.71221,32.8866,-292.8149	-0.0595812,-0.5007674,-0.03104117,0.8629707	air_hook_r_just	False	False	0,0,0	0,0,0,
10.70322,33.88543,-290.6737	-0.05291855,-0.4582172,-0.02757001,0.8868352	air_hook_r_just	False	False	0,0,0	0,0,0,
10.69239,34.87626,-288.5218	-0.04692911,-0.4182083,-0.02444957,0.9068086	air_hook_r_just	False	False	0,0,0	0,0,0,
10.67984,35.85909,-286.3593	-0.04156593,-0.3806785,-0.02165541,0.923519	air_hook_r_just	False	False	0,0,0	0,0,0,
10.66554,36.83392,-284.1861	-0.03676796,-0.3464628,-0.01915572,0.9371471	air_hook_r_just	False	False	0,0,0	0,0,0,
10.64951,37.80075,-282.0023	-0.03248632,-0.3158322,-0.01692503,0.9481077	air_hook_r_just	False	False	0,0,0	0,0,0,
10.63179,38.75958,-279.8078	-0.02867748,-0.2885089,-0.01494066,0.9569311	air_hook_r_just	False	False	0,0,0	0,0,0,
10.61243,39.71041,-277.6026	-0.02529872,-0.2639554,-0.01318037,0.9641129	air_hook_r_just	False	False	0,0,0	0,0,0,
10.59142,40.65324,-275.3868	-0.02230664,-0.2419094,-0.01162153,0.9699728	air_hook_r_just	False	False	0,0,0	0,0,0,
10.56882,41.58807,-273.1602	-0.01965977,-0.2223728,-0.01024253,0.9747097	air_hook_r_just	False	False	0,0,0	0,0,0,
10.54463,42.51489,-270.923	-0.01732163,-0.2048297,-0.009024384,0.9786028	air_hook_r_just	False	False	0,0,0	0,0,0,
10.51897,43.43372,-268.6751	-0.01525739,-0.1893213,-0.007948941,0.9817645	air_hook_r_just	False	False	0,0,0	0,0,0,
10.49205,44.34455,-266.4165	-0.01343742,-0.1748543,-0.007000752,0.9844778	air_hook_r_just	False	False	0,0,0	0,0,0,
10.46428,45.24738,-264.1471	-0.0118336,-0.1610542,-0.006165179,0.9868554	air2	False	False	0,0,0	0,0,0,
10.43594,46.14221,-261.8669	-0.01042191,-0.1465563,-0.005429707,0.9891326	air2	False	False	0,0,0	0,0,0,
10.40723,47.02904,-259.5759	-0.00917843,-0.1322137,-0.004781865,0.9911672	air2	False	False	0,0,0	0,0,0,
10.37818,47.90787,-257.2741	-0.008082719,-0.1185259,-0.004211011,0.9929091	air2	False	False	0,0,0	0,0,0,
10.34881,48.7787,-254.9615	-0.007116849,-0.1061958,-0.003707804,0.9943129	air2	False	False	0,0,0	0,0,0,
10.31911,49.64153,-252.6382	-0.006265594,-0.09532689,-0.003264309,0.9954209	air2	False	False	0,0,0	0,0,0,
10.28907,50.49635,-250.304	-0.00551561,-0.0857495,-0.002873575,0.9962974	air2	False	False	0,0,0	0,0,0,
10.25871,51.34318,-247.959	-0.004855023,-0.07731253,-0.002529416,0.9969919	air2	False	False	0,0,0	0,0,0,
10.22802,52.18201,-245.6033	-0.004273298,-0.06988186,-0.002226343,0.9975436	air2	False	False	0,0,0	0,0,0,
10.197,53.01284,-243.2367	-0.0037611,-0.06333859,-0.001959494,0.9979831	air2	False	False	0,0,0	0,0,0,
10.16565,53.83567,-240.8594	-0.003310176,-0.05757753,-0.001724567,0.9983341	air2	False	False	0,0,0	0,0,0,
10.13396,54.6505,-238.4712	-0.002913232,-0.05250572,-0.001517763,0.9986153	air2	False	False	0,0,0	0,0,0,
10.10195,55.45732,-236.0723	-0.002563834,-0.04804107,-0.00133573,0.9988412	air2	False	False	0,0,0	0,0,0,
10.06961,56.25615,-233.6626	-0.002256303,-0.04411115,-0.00117551,0.9990234	air2	False	False	0,0,0	0,0,0,
10.03694,57.04698,-231.242	-0.001985634,-0.04065211,-0.001034495,0.9991708	air2	False	False	0,0,0	0,0,0,
10.00394,57.82981,-228.8107	-0.001747418,-0.03760764,-0.0009103866,0.9992907	air2	False	False	0,0,0	0,0,0,
9.970609,58.60464,-226.3686	-0.001537769,-0.03492814,-0.0008011615,0.9993883	air2	False	False	0,0,0	0,0,0,
9.936948,59.37147,-223.9157	-0.001353264,-0.03256992,-0.0007050366,0.9994683	air2	False	False	0,0,0	0,0,0,
9.902958,60.13029,-221.452	-0.001190891,-0.0304945,-0.0006204421,0.9995341	air2	False	False	0,0,0	0,0,0,
9.868638,60.88112,-218.9775	-0.001047997,-0.02866801,-0.0005459958,0.9995883	air2	False	False	0,0,0	0,0,0,
9.833988,61.62395,-216.4922	-0.0009222465,-0.02706059,-0.0004804809,0.9996333	air2	False	False	0,0,0	0,0,0,
9.799008,62.35878,-213.9961	-0.0008115829,-0.025646,-0.0004228263,0.9996707	air2	False	False	0,0,0	0,0,0,
9.763699,63.08561,-211.4892	-0.0007141971,-0.02440111,-0.0003720893,0.999702	air2	False	False	0,0,0	0,0,0,
9.728059,63.80444,-208.9715	-0.0006284963,-0.02330557,-0.00032744,0.9997281	air2	False	False	0,0,0	0,0,0,
9.692089,64.51527,-206.4431	-0.0005530786,-0.02234147,-0.0002881482,0.9997502	air2	False	False	0,0,0	0,0,0,
9.65579,65.21809,-203.9038	-0.0004867105,-0.02149304,-0.0002535711,0.9997689	air2	False	False	0,0,0	0,0,0,
9.619162,65.91293,-201.3537	-0.0004283061,-0.02074641,-0.000223143,0.9997846	air2	False	False	0,0,0	0,0,0,
9.582203,66.59975,-198.7928	-0.00037691,-0.02008936,-0.0001963662,0.9997981	air2	False	False	0,0,0	0,0,0,
9.544914,67.27858,-196.2212	-0.0003316812,-0.01951115,-0.0001728024,0.9998096	air2	False	False	0,0,0	0,0,0,
9.507296,67.94941,-193.6387	-0.0002918798,-0.01900232,-0.0001520663,0.9998194	air2	False	False	0,0,0	0,0,0,
9.469347,68.61224,-191.0455	-0.0002568544,-0.01855454,-0.0001338185,0.9998279	air2	False	False	0,0,0	0,0,0,
9.431069,69.26707,-188.4415	-0.000226032,-0.0181605,-0.0001177603,0.9998351	air2	False	False	0,0,0	0,0,0,
9.392462,69.91389,-185.8266	-0.0001989083,-0.01781373,-0.0001036291,0.9998413	air2	False	False	0,0,0	0,0,0,
9.353524,70.55272,-183.201	-0.0001750393,-0.01750858,-9.119366E-05,0.9998467	air2	False	False	0,0,0	0,0,0,
9.321986,71.18355,-180.5675	-0.0001540346,-0.01724005,-8.025044E-05,0.9998514	air2	False	False	0,0,0	0,0,0,
9.297849,71.80637,-177.9261	-0.0001366645,0.02929117,-7.120077E-05,0.9995709	air2	False	False	0,0,0	0,0,0,
9.281111,72.4212,-175.2769	-0.0001210339,0.07044757,-6.305741E-05,0.9975155	air2	False	False	0,0,0	0,0,0,
9.275168,73.02803,-172.6273	-0.0001070394,0.1067456,-5.57664E-05,0.9942864	air2	False	False	0,0,0	0,0,0,
9.280021,73.62686,-169.9775	-9.637654E-05,0.1815944,-5.021118E-05,0.9833735	air2	False	False	0,0,0	0,0,0,
9.295668,74.21769,-167.3272	-8.635423E-05,0.2477772,-4.498966E-05,0.9688171	air2	False	False	0,0,0	0,0,0,
9.311315,74.80051,-164.677	-7.70741E-05,0.3058868,-4.015481E-05,0.9520679	air2	False	False	0,0,0	0,0,0,
9.326962,75.37534,-162.0268	-6.857976E-05,0.3566516,-3.572935E-05,0.9342375	air2	False	False	0,0,0	0,0,0,
9.342608,75.94217,-159.3766	-6.08736E-05,0.4008471,-3.171452E-05,0.916145	air2	False	False	0,0,0	0,0,0,
9.358255,76.501,-156.7263	0,-0.6962262,0,-0.7178225	dash	False	False	0,0,0	0,0,0,
10.17353,77.05183,-154.0517	0,-0.6962262,0,-0.7178225	dash	False	False	0,0,0	0,0,0,
10.9888,77.59466,-151.377	0,-0.6962262,0,-0.7178225	dash	False	False	0,0,0	0,0,0,
11.7744,78.10973,-148.7998	0,-0.6962262,0,-0.7178225	dash	False	False	0,0,0	0,0,0,
12.53371,78.59956,-146.3087	0,-0.6962262,0,-0.7178225	dash	False	False	0,0,0	0,0,0,
13.26851,79.06558,-143.8981	0,-0.6962262,0,-0.7178225	dash	False	False	0,0,0	0,0,0,
14.00167,79.54941,-141.4704	0,-0.04740198,0,0.9988759	air_hook_l_just	False	False	0,0,0	0,0,0,
14.73303,80.02403,-139.0256	0,-0.04740198,0,0.9988759	air_hook_l_just	False	False	0,0,0	0,0,0,
15.46237,80.48933,-136.5638	-0.01403349,-0.04302091,0.02322892,0.9987055	air_hook_l_just	False	False	0,0,0	0,0,0,
16.18948,80.94515,-134.085	-0.02660097,-0.03972162,0.04384832,0.9978938	air_hook_l_just	False	False	0,0,0	0,0,0,
16.91416,81.39137,-131.5892	-0.03787539,-0.037418,0.06215791,0.9966453	air_hook_l_just	False	False	0,0,0	0,0,0,
17.63615,81.82784,-129.0766	-0.0480151,-0.03603377,0.07843067,0.9951105	air_hook_l_just	False	False	0,0,0	0,0,0,
18.36593,82.25439,-126.5456	-0.05716385,-0.03550275,0.09291284,0.9933978	air_hook_l_just	False	False	0,0,0	0,0,0,
19.09253,82.67088,-123.9979	-0.06545141,-0.03576883,0.105825,0.9915835	air_hook_l_just	False	False	0,0,0	0,0,0,
19.81565,83.07714,-121.4335	-0.07301654,-0.03675893,0.1174256,0.9897114	air_hook_l_just	False	False	0,0,0	0,0,0,
20.53501,83.47298,-118.8525	-0.07994214,-0.03847414,0.1278211,0.9878212	air_hook_l_just	False	False	0,0,0	0,0,0,
21.25028,83.85823,-116.255	-0.08632346,-0.04088597,0.1371676,0.9859319	air_hook_l_just	False	False	0,0,0	0,0,0,
21.96114,84.23268,-113.6411	-0.09224683,-0.04397486,0.1456033,0.984051	air_hook_l_just	False	False	0,0,0	0,0,0,
22.66723,84.59613,-111.0109	-0.09779092,-0.04772997,0.1532508,0.9821777	air_hook_l_just	False	False	0,0,0	0,0,0,
23.36526,84.94836,-108.3542	-0.1030281,-0.05214899,0.1602187,0.9803039	air_hook_l_just	False	False	0,0,0	0,0,0,
24.05485,85.28915,-105.6712	-0.1080257,-0.05723806,0.1666029,0.978416	air_hook_l_just	False	False	0,0,0	0,0,0,
24.73556,85.61826,-102.9621	-0.1128938,-0.06301485,0.1724603,0.9764946	air_hook_l_just	False	False	0,0,0	0,0,0,
25.40691,85.93543,-100.2272	-0.1176878,-0.06950266,0.1778699,0.9745159	air_hook_l_just	False	False	0,0,0	0,0,0,
26.07538,86.2446,-97.4818	-0.10384,-0.07754955,0.1569406,0.9790674	air_hook_l_just	False	False	0,0,0	0,0,0,
26.74097,86.54576,-94.72603	-0.09156712,-0.08459935,0.1383918,0.9825	air_hook_l_just	False	False	0,0,0	0,0,0,
27.3972,86.90654,-91.94403	0,-0.1927493,0,0.9812481	air_hook_r_just	False	False	0,0,0	0,0,0,
28.04343,87.26524,-89.13608	0,-0.1927493,0,0.9812481	air_hook_r_just	False	False	0,0,0	0,0,0,
28.67894,87.6218,-86.30251	-0.01585929,-0.1983516,0.001339716,0.9800017	air_hook_r_just	False	False	0,0,0	0,0,0,
29.30295,87.97617,-83.44376	-0.03000405,-0.2061483,0.002214236,0.9780582	air_hook_r_just	False	False	0,0,0	0,0,0,
29.9146,88.32829,-80.56034	-0.04264024,-0.2162352,0.00263714,0.9754062	air_hook_r_just	False	False	0,0,0	0,0,0,
30.51297,88.67807,-77.65292	-0.05395108,-0.2287441,0.002613369,0.9719869	air_hook_r_just	False	False	0,0,0	0,0,0,
31.09704,89.02542,-74.7223	-0.06409876,-0.2438408,0.002139115,0.9676923	air_hook_r_just	False	False	0,0,0	0,0,0,
31.66576,89.37022,-71.7695	-0.07322579,-0.2617188,0.001202006,0.9623616	air_hook_r_just	False	False	0,0,0	0,0,0,
32.21807,89.71234,-68.79575	-0.08145614,-0.282584,-0.0002181178,0.9557778	air_hook_r_just	False	False	0,0,0	0,0,0,
32.75292,90.05161,-65.80254	-0.08889588,-0.3066285,-0.002147316,0.9476666	air_hook_r_just	False	False	0,0,0	0,0,0,
33.26933,90.38782,-62.7916	-0.09563299,-0.3339893,-0.004613922,0.9377016	air_hook_r_just	False	False	0,0,0	0,0,0,
33.76651,90.72077,-59.76493	-0.1017367,-0.3646919,-0.007642617,0.925522	air_hook_r_just	False	False	0,0,0	0,0,0,
34.24392,91.05022,-56.72466	-0.1072567,-0.3985905,-0.0112463,0.9107662	air_hook_r_just	False	False	0,0,0	0,0,0,
34.32237,91.38338,-53.64697	-0.1122229,-0.4353193,-0.01541699,0.8931212	air_hook_r_just	False	False	0,0,0	0,0,0,
33.99581,91.71462,-50.58384	-0.1163765,-0.4737009,-0.02026569,0.8727275	air_hook_r_just	False	False	0,0,0	0,0,0,
33.27096,92.03429,-47.58739	-0.1197191,-0.5132213,-0.02565798,0.8494781	air_hook_r_just	False	False	0,0,0	0,0,0,
32.16135,92.33698,-44.70798	-0.1222728,-0.5533726,-0.031507,0.8233077	air_hook_r_just	False	False	0,0,0	0,0,0,
31.04886,92.63165,-41.81817	-0.124056,-0.5936847,-0.03773051,0.7941821	air_hook_r_just	False	False	0,0,0	0,0,0,
29.93348,92.91833,-38.91795	-0.1107358,-0.5463534,-0.03367928,0.8295187	air_hook_r_just	False	False	0,0,0	0,0,0,
28.81522,93.19701,-36.00733	-0.09853971,-0.5025434,-0.02996996,0.858395	air_hook_r_just	False	False	0,0,0	0,0,0,
27.69407,93.46768,-33.0863	-0.08747269,-0.4624261,-0.02660403,0.8819314	air_hook_r_just	False	False	0,0,0	0,0,0,
26.57003,93.73036,-30.15485	-0.0774996,-0.4259953,-0.0235708,0.9010917	air_hook_r_just	False	False	0,0,0	0,0,0,
25.44311,93.98504,-27.21301	-0.06856038,-0.3931264,-0.02085202,0.9166877	air_hook_r_just	False	False	0,0,0	0,0,0,
24.31335,94.23172,-24.26074	-0.06058104,-0.3636213,-0.01842517,0.9293923	air_hook_r_just	False	False	0,0,0	0,0,0,
23.18102,94.4704,-21.29798	-0.05348429,-0.3369993,-0.01626676,0.9398438	air_hook_r_just	False	False	0,0,0	0,0,0,
22.04649,94.70107,-18.32465	-0.04719881,-0.3118,-0.01435509,0.9488661	air_hook_r_just	False	False	0,0,0	0,0,0,
20.91018,94.92375,-15.34067	-0.04164152,-0.2874025,-0.01266489,0.9568205	air_hook_r_just	False	False	0,0,0	0,0,0,
19.77246,95.13843,-12.34598	-0.03673257,-0.2634826,-0.01117188,0.9638999	air_hook_r_just	False	False	0,0,0	0,0,0,
18.63351,95.34511,-9.340557	-0.03239635,-0.2402446,-0.009853054,0.9701216	air_hook_r_just	False	False	0,0,0	0,0,0,
17.49334,95.54379,-6.324405	-0.02856258,-0.2186302,-0.00868705,0.975351	air_hook_r_just	False	False	0,0,0	0,0,0,
16.35195,95.73447,-3.297523	-0.02517184,-0.1994891,-0.007655787,0.9795468	air_hook_r_just	False	False	0,0,0	0,0,0,
15.20934,95.91714,-0.2599102	-0.02217634,-0.1825603,-0.006744732,0.9829214	air_hook_r_just	False	False	0,0,0	0,0,0,
14.06551,96.09182,2.788433	-0.01953232,-0.1676033,-0.005940579,0.9856431	air_hook_r_just	False	False	0,0,0	0,0,0,
12.92045,96.2585,5.847507	-0.01720015,-0.1543991,-0.005231268,0.987845	air_hook_r_just	False	False	0,0,0	0,0,0,
11.77417,96.41718,8.917313	-0.01514411,-0.1427495,-0.004605945,0.9896323	air2	False	False	0,0,0	0,0,0,
10.62667,96.56786,11.99785	-0.01333227,-0.1324768,-0.004054887,0.9910882	air2	False	False	0,0,0	0,0,0,
9.485889,96.71053,15.08683	-0.01173611,-0.1234218,-0.00356943,0.9922785	air2	False	False	0,0,0	0,0,0,
8.351833,96.84521,18.18427	-0.01044298,-0.06981845,-0.003176137,0.9975	air2	False	False	0,0,0	0,0,0,
7.224463,96.97189,21.2902	-0.00926974,-0.02206757,-0.002819307,0.9997095	air2	False	False	0,0,0	0,0,0,
6.103743,97.09056,24.40463	-0.008211923,0.02002921,-0.002497582,0.9997626	air2	False	False	0,0,0	0,0,0,
5.483334,97.75417,27.06386	-0.007263546,0.05698462,-0.002209141,0.9983462	air2	False	False	0,0,0	0,0,0,
4.898703,98.43015,29.70493	-0.006416976,0.08931576,-0.001951665,0.9959808	air2	False	False	0,0,0	0,0,0,
4.278836,99.05218,32.35782	-0.005151815,0.04748035,-0.001566878,0.9988577	slide	False	False	0,0,0	0,0,0,
3.645432,99.64516,35.00193	-0.004130832,0.01387548,-0.001256355,0.9998944	slide	False	False	0,0,0	0,0,0,
3.011726,100.2232,37.6255	-0.003309483,-0.01305893,-0.001006549,0.9999087	slide	False	False	0,0,0	0,0,0,
2.382854,100.7916,40.22416	-0.002650058,-0.03461973,-0.0008059909,0.9993967	slide	False	False	0,0,0	0,0,0,
1.760578,101.3524,42.79656	-0.002121313,-0.05186706,-0.000645178,0.9986516	slide	False	False	0,0,0	0,0,0,
1.145463,101.906,45.34241	-0.0016977,-0.06565908,-0.0005163399,0.9978406	slide	False	False	0,0,0	0,0,0,
0.5298862,102.4512,47.88867	-0.001494217,-0.07227585,-0.0004544525,0.9973835	stand	False	False	0,0,0	0,0,0,
-0.08569086,102.9885,50.43493	0,-0.6609845,0,-0.7503996	dash	False	False	0,0,0	0,0,0,
0.09233595,103.5177,53.08215	0,-0.6609845,0,-0.7503996	dash	False	False	0,0,0	0,0,0,
0.2703628,104.0389,55.72936	0,-0.6609845,0,-0.7503996	dash	False	False	0,0,0	0,0,0,
0.4423853,104.5345,58.2873	0,-0.6609845,0,-0.7503996	dash	False	False	0,0,0	0,0,0,
0.608548,105.0053,60.7581	0,-0.6609845,0,-0.7503996	dash	False	False	0,0,0	0,0,0,
0.7747108,105.468,63.2289	0,-0.6609845,0,-0.7503996	dash	False	False	0,0,0	0,0,0,
0.9408735,105.9228,65.69971	0,-0.6609845,0,-0.7503996	dash	False	False	0,0,0	0,0,0,
1.107036,106.3695,68.17051	0,-0.6609845,0,-0.7503996	dash	False	False	0,0,0	0,0,0,
1.273199,106.8083,70.64131	0,-0.6609845,0,-0.7503996	dash	False	False	0,0,0	0,0,0,
1.439362,107.239,73.11211	0,-0.6609845,0,-0.7503996	dash	False	False	0,0,0	0,0,0,
1.605524,107.6618,75.58292	0,-0.6609845,0,-0.7503996	dash	False	False	0,0,0	0,0,0,
1.771687,108.0765,78.05372	0,-0.6609845,0,-0.7503996	dash	False	False	0,0,0	0,0,0,
1.93785,108.4833,80.52452	0,-0.6609845,0,-0.7503996	dash	False	False	0,0,0	0,0,0,
2.104012,108.882,82.99532	0,-0.6609845,0,-0.7503996	dash	False	False	0,0,0	0,0,0,
2.270175,109.2728,85.46613	0,-0.6609845,0,-0.7503996	dash	False	False	0,0,0	0,0,0,
2.436338,109.6555,87.93693	0,-0.6609845,0,-0.7503996	dash	False	False	0,0,0	0,0,0,
2.602501,110.0303,90.40773	0,-0.6609845,0,-0.7503996	dash	False	False	0,0,0	0,0,0,
2.768663,110.397,92.87853	0,-0.6609845,0,-0.7503996	dash	False	False	0,0,0	0,0,0,
2.934826,110.7558,95.34933	0,-0.6609845,0,-0.7503996	dash	False	False	0,0,0	0,0,0,
3.100989,111.1065,97.82014	0,-0.6609845,0,-0.7503996	dash	False	False	0,0,0	0,0,0,
3.267152,111.4492,100.2909	0,-0.6609845,0,-0.7503996	dash	False	False	0,0,0	0,0,0,
3.433314,111.784,102.7617	0,-0.6609845,0,-0.7503996	dash	False	False	0,0,0	0,0,0,
3.599477,112.1107,105.2325	0,-0.6609845,0,-0.7503996	dash	False	False	0,0,0	0,0,0,
3.76564,112.4295,107.7033	0,-0.6609845,0,-0.7503996	dash	False	False	0,0,0	0,0,0,
3.931803,112.7402,110.1741	0,-0.6609845,0,-0.7503996	dash	False	False	0,0,0	0,0,0,
4.097965,113.043,112.645	0,-0.6609845,0,-0.7503996	stand	False	False	0,0,0	0,0,0,
4.264128,113.3377,115.1158	0,-0.6609845,0,-0.7503996	stand	False	False	0,0,0	0,0,0,
4.43029,113.6245,117.5866	0,-0.6609845,0,-0.7503996	stand	False	False	0,0,0	0,0,0,
4.596453,113.9032,120.0574	0,-0.6609845,0,-0.7503996	stand	False	False	0,0,0	0,0,0,
4.762615,114.174,122.5282	0,-0.6609845,0,-0.7503996	air2_left	False	False	0,0,0	0,0,0,
4.928778,114.4367,124.999	0,-0.6609845,0,-0.7503996	air2_left	False	False	0,0,0	0,0,0,
5.09494,114.6915,127.4698	0,-0.6609845,0,-0.7503996	air2_left	False	False	0,0,0	0,0,0,
5.261103,114.9382,129.9406	0,-0.6609845,0,-0.7503996	air2_left	False	False	0,0,0	0,0,0,
5.427265,115.177,132.4114	0,-0.6609845,0,-0.7503996	air2_left	False	False	0,0,0	0,0,0,
5.593428,115.4077,134.8822	0,-0.6609845,0,-0.7503996	air2_left	False	False	0,0,0	0,0,0,
5.748801,115.6305,137.3535	0,-0.6609845,0,-0.7503996	air2_left	False	False	0,0,0	0,0,0,
5.893391,115.8452,139.8253	0,-0.5552098,0,-0.8317104	air2_left	False	False	0,0,0	0,0,0,
6.027208,116.052,142.298	0,-0.4442425,0,-0.8959066	air2_left	False	False	0,0,0	0,0,0,
6.150251,116.2507,144.7714	0,-0.3326867,0,-0.9430375	air2_left	False	False	0,0,0	0,0,0,
6.26252,116.4415,147.2455	0,-0.2240149,0,-0.9745858	air2	False	False	0,0,0	0,0,0,
6.364016,116.6242,149.7204	0,-0.1210553,0,-0.9926458	air2	False	False	0,0,0	0,0,0,
6.454738,116.799,152.1961	0,-0.02567456,0,-0.9996704	air2	False	False	0,0,0	0,0,0,
6.534687,116.9657,154.6725	0,0.06112361,0,-0.9981302	air2	False	False	0,0,0	0,0,0,
6.603861,117.1245,157.1496	0,0.139022,0,-0.9902893	air2	False	False	0,0,0	0,0,0,
6.662262,117.2752,159.6275	0,0.2081959,0,-0.9780872	air2	False	False	0,0,0	0,0,0,
6.709897,117.418,162.1063	0,0.2691384,0,-0.9631016	air2	False	False	0,0,0	0,0,0,
6.746772,117.5527,164.586	0,0.3220637,0,-0.946718	air2	False	False	0,0,0	0,0,0,
6.772892,117.6795,167.0667	0,0.3677804,0,-0.9299127	air2	False	False	0,0,0	0,0,0,
6.788272,117.7982,169.5485	0,0.4073366,0,-0.9132782	air2	False	False	0,0,0	0,0,0,
6.792944,117.909,172.0317	0,0.4410277,0,-0.8974935	air2_right	False	False	0,0,0	0,0,0,
6.787015,118.0117,174.517	0,0.4689343,0,-0.8832331	air2_right	False	False	0,0,0	0,0,0,
6.770607,118.1065,177.0049	0,0.4900378,0,-0.8717012	air2_right	False	False	0,0,0	0,0,0,
6.74387,118.1932,179.496	0,0.5057214,0,-0.8626968	air2_right	False	False	0,0,0	0,0,0,
6.706985,118.272,181.9907	0,0.5167247,0,-0.8561516	air2_right	False	False	0,0,0	0,0,0,
6.660017,118.3427,184.4894	0,0.5236741,0,-0.8519187	air2_right	False	False	0,0,0	0,0,0,
6.602966,118.4055,186.9919	0,0.5288745,0,-0.8487	air2_right	False	False	0,0,0	0,0,0,
6.535832,118.4602,189.4982	0,0.533435,0,-0.8458411	air2_right	False	False	0,0,0	0,0,0,
6.458616,118.507,192.0085	0,0.5374358,0,-0.8433047	air2_right	False	False	0,0,0	0,0,0,
6.371317,118.5457,194.5226	0,0.5409467,0,-0.8410569	air2_right	False	False	0,0,0	0,0,0,
6.273936,118.5765,197.0405	0,0.5440287,0,-0.8390667	air2_right	False	False	0,0,0	0,0,0,
6.166472,118.5992,199.5624	0,0.5467348,0,-0.8373058	air2_right	False	False	0,0,0	0,0,0,
6.048925,118.614,202.0881	0,0.5491116,0,-0.835749	air2_right	False	False	0,0,0	0,0,0,
5.921296,118.6207,204.6177	0,0.5511996,0,-0.8343735	air2_right	False	False	0,0,0	0,0,0,
5.783567,118.6195,207.1511	0,0.5530342,0,-0.8331586	air2_right	False	False	0,0,0	0,0,0,
5.635706,118.6102,209.6882	0,0.5548642,0,-0.8319409	air2_right	False	False	0,0,0	0,0,0,
5.477664,118.593,212.229	0,0.5569074,0,-0.8305746	air2_right	False	False	0,0,0	0,0,0,
5.309395,118.5677,214.7732	0,0.5593538,0,-0.8289291	air2_right	False	False	0,0,0	0,0,0,
5.130826,118.5345,217.3207	0,0.5621522,0,-0.8270338	air2_right	False	False	0,0,0	0,0,0,
4.941903,118.4932,219.8712	0,0.5656891,0,-0.8246186	air2_right	False	False	0,0,0	0,0,0,
4.742584,118.444,222.4247	0,0.5696538,0,-0.8218848	air2_right	False	False	0,0,0	0,0,0,
4.532822,118.3867,224.9809	0,0.5737751,0,-0.8190129	air2_right	False	False	0,0,0	0,0,0,
4.31258,118.3215,227.5398	0,0.5782444,0,-0.8158636	air2_right	False	False	0,0,0	0,0,0,
4.081836,118.2482,230.1011	0,0.5828014,0,-0.8126147	air2_right	False	False	0,0,0	0,0,0,
3.840569,118.167,232.6649	0,0.5872204,0,-0.8094271	air2_right	False	False	0,0,0	0,0,0,
3.588769,118.0777,235.2311	0,0.591517,0,-0.8062925	air2_right	False	False	0,0,0	0,0,0,
3.331206,117.9805,237.8064	0,0.5954948,0,-0.8033592	air2_right	False	False	0,0,0	0,0,0,
3.067879,117.8752,240.3908	0,0.5611003,0,-0.8277478	air2_right	False	False	0,0,0	0,0,0,
2.79879,117.762,242.9844	0,0.529844,0,-0.8480952	air2_right	False	False	0,0,0	0,0,0,
2.523937,117.6407,245.5871	0,0.5016137,0,-0.8650917	air2_right	False	False	0,0,0	0,0,0,
2.243322,117.5115,248.1989	0,0.4762405,0,-0.8793151	air2_right	False	False	0,0,0	0,0,0,
1.96509,117.3742,250.8213	0,0.453523,0,-0.8912446	air2_right	False	False	0,0,0	0,0,0,
1.689242,117.229,253.4542	0,0.3926625,0,-0.9196826	air2_right	False	False	0,0,0	0,0,0,
1.415777,117.0757,256.0977	0,0.3368611,0,-0.9415544	air2	False	False	0,0,0	0,0,0,
1.144695,116.9145,258.7516	0,0.286203,0,-0.958169	air2	False	False	0,0,0	0,0,0,
0.8759976,116.7452,261.4161	0,0.2405634,0,-0.9706334	air2	False	False	0,0,0	0,0,0,
0.6096834,116.568,264.0912	0,0.1996849,0,-0.9798602	air2	False	False	0,0,0	0,0,0,
0.3457067,116.3827,266.7768	0,0.1632343,0,-0.9865873	air2	False	False	0,0,0	0,0,0,
0.08406755,116.1895,269.4729	0,0.131096,0,-0.9913697	air2	False	False	0,0,0	0,0,0,
-0.1753722,115.9882,272.1796	0,0.1026129,0,-0.9947214	air2	False	False	0,0,0	0,0,0,
-0.4326589,115.779,274.8969	0,0.07818998,0,-0.9969385	air2	False	False	0,0,0	0,0,0,
-0.6878847,115.5617,277.6248	0,0.05688023,0,-0.998381	air2	False	False	0,0,0	0,0,0,
-0.9410961,115.3365,280.3633	0,0.03860066,0,-0.9992548	air2	False	False	0,0,0	0,0,0,
-1.192386,115.1032,283.1124	0,0.02274871,0,-0.9997413	air2	False	False	0,0,0	0,0,0,
-1.4418,114.862,285.8721	0,0.00930554,0,-0.9999567	air2	False	False	0,0,0	0,0,0,
-1.689385,114.6127,288.6425	0,-0.002270975,0,-0.9999974	air2	False	False	0,0,0	0,0,0,
-1.935188,114.3555,291.4236	0,-0.01220078,0,-0.9999256	air2	False	False	0,0,0	0,0,0,
-2.179208,114.0902,294.2153	0,-0.02067917,0,-0.9997862	air2	False	False	0,0,0	0,0,0,
-2.421492,113.817,297.0177	0,-0.02814045,0,-0.999604	air2	False	False	0,0,0	0,0,0,
-2.655804,113.5615,299.8339	0,0.5290338,0,0.8486007	air_hook_l_just	False	False	0,0,0	0,0,0,
-2.882207,113.2823,302.6634	0,0.5290338,0,0.8486007	air_hook_l_just	False	False	0,0,0	0,0,0,
-3.10077,112.9794,305.5058	-0.01681564,0.5375507,0.002364598,0.8430604	air_hook_l_just	False	False	0,0,0	0,0,0,
-3.311517,112.6526,308.3607	-0.03159976,0.5484159,0.005096703,0.8355929	air_hook_l_just	False	False	0,0,0	0,0,0,
-3.514523,112.3019,311.2276	-0.04456779,0.5614327,0.008176164,0.826281	air_hook_l_just	False	False	0,0,0	0,0,0,
-3.709868,111.9275,314.1061	-0.05590966,0.5763787,0.0115801,0.8151857	air_hook_l_just	False	False	0,0,0	0,0,0,
-3.897544,111.5292,316.9956	-0.06579217,0.5930076,0.01528208,0.8023589	air_hook_l_just	False	False	0,0,0	0,0,0,
-4.077544,111.1071,319.8958	-0.07436173,0.6110509,0.01925158,0.7878557	air_hook_l_just	False	False	0,0,0	0,0,0,
-4.249822,110.6612,322.806	-0.08174728,0.6302225,0.02345375,0.7717428	air_hook_l_just	False	False	0,0,0	0,0,0,
-4.414383,110.1916,325.7259	-0.08806309,0.6502259,0.02785,0.7541059	air_hook_l_just	False	False	0,0,0	0,0,0,
-4.571239,109.6983,328.6549	-0.09341145,0.6707624,0.03239881,0.7350526	air_hook_l_just	False	False	0,0,0	0,0,0,
-4.720357,109.1815,331.5926	-0.09788492,0.6915411,0.03705703,0.7147141	air_hook_l_just	False	False	0,0,0	0,0,0,
-4.869575,108.6563,334.5322	-0.1015682,0.7122875,0.04178124,0.6932422	air_hook_l_just	False	False	0,0,0	0,0,0,
-5.018893,108.1227,337.4737	-0.1045396,0.7327518,0.04652913,0.6708066	air_hook_l_just	False	False	0,0,0	0,0,0,
-5.168311,107.5807,340.4173	-0.1068521,0.752723,0.05122228,0.6475855	air_hook_l_just	False	False	0,0,0	0,0,0,
-5.317829,107.0304,343.3628	-0.1085802,0.7720084,0.05582768,0.6237762	air_hook_l_just	False	False	0,0,0	0,0,0,
-5.466546,106.4722,346.319	-0.1097932,0.7904541,0.06031664,0.5995746	air_hook_l_just	False	False	0,0,0	0,0,0,
-5.614463,105.9059,349.2861	-0.1006474,0.7292444,0.05529226,0.6745485	air_hook_l_just	False	False	0,0,0	0,0,0,
-5.76158,105.3316,352.2639	-0.09150477,0.6675982,0.05026961,0.7371652	air_hook_l_just	False	False	0,0,0	0,0,0,
-5.907614,104.7493,355.2524	-0.08263303,0.6074381,0.04539578,0.7887521	air_hook_l_just	False	False	0,0,0	0,0,0,
-6.045345,104.159,358.2479	-0.07415441,0.5512494,0.04073791,0.8300395	air_hook_l_just	False	False	0,0,0	0,0,0,
-6.175274,103.5607,361.2508	-0.06535561,0.5368701,0.03590415,0.8403631	air_hook_l_just	False	False	0,0,0	0,0,0,
-6.294404,102.9544,364.2538	-0.05761224,0.5204715,0.03165021,0.8513451	air_hook_l_just	False	False	0,0,0	0,0,0,
-6.402735,102.3401,367.257	-0.05085458,0.5441638,0.02793778,0.8369702	air_hook_l_just	False	False	0,0,0	0,0,0,
-6.500267,101.7178,370.2603	-0.04485663,0.5644761,0.02464271,0.8238612	air_hook_l_just	False	False	0,0,0	0,0,0,
-6.586999,101.0875,373.2638	-0.03954539,0.5820879,0.02172489,0.8118731	air_hook_l_just	False	False	0,0,0	0,0,0,
-6.662932,100.4492,376.2674	-0.03484884,0.5973712,0.01914477,0.8009786	air_hook_l_just	False	False	0,0,0	0,0,0,
-6.728067,99.80295,379.2711	-0.03070038,0.6106467,0.01686575,0.7911281	air_hook_l_just	False	False	0,0,0	0,0,0,
-6.782402,99.14866,382.275	-0.02703913,0.6221894,0.01485438,0.7822587	air_hook_l_just	False	False	0,0,0	0,0,0,
-6.825938,98.48637,385.279	-0.02380999,0.6322355,0.0130804,0.7742999	air_hook_l_just	False	False	0,0,0	0,0,0,
-6.858675,97.81607,388.2831	-0.02096341,0.6409875,0.01151659,0.7671786	air_hook_l_just	False	False	0,0,0	0,0,0,
-6.880614,97.13778,391.2874	-0.01845504,0.6486191,0.01013857,0.7608219	air_hook_l_just	False	False	0,0,0	0,0,0,
-6.891753,96.45148,394.2919	-0.01624537,0.6552796,0.008924656,0.755159	air_hook_l_just	False	False	0,0,0	0,0,0,
-6.892093,95.75719,397.2964	-0.01429929,0.6610973,0.007855547,0.7501228	air_hook_l_just	False	False	0,0,0	0,0,0,
-6.881634,95.0549,400.3012	-0.01258567,0.6661828,0.006914142,0.7456503	air2_left	False	False	0,0,0	0,0,0,
-6.871175,94.34461,403.3059	-0.01107695,0.6706312,0.006085303,0.7416832	air2_left	False	False	0,0,0	0,0,0,
-6.860716,93.62632,406.3106	-0.009748786,0.674525,0.005355652,0.7381683	air2_left	False	False	0,0,0	0,0,0,
-6.850257,92.90002,409.3154	-0.008579658,0.6779351,0.004713373,0.7350566	air2_left	False	False	0,0,0	0,0,0,
-6.839798,92.16573,412.3201	-0.007550594,0.6809232,0.00414804,0.7323042	air2_left	False	False	0,0,0	0,0,0,
-6.829339,91.42344,415.3248	-0.006644861,0.6835428,0.003650461,0.7298711	air2_left	False	False	0,0,0	0,0,0,
-6.81888,90.67315,418.3296	-0.005847707,0.6858404,0.003212532,0.7277215	air2_left	False	False	0,0,0	0,0,0,
-6.808421,89.91486,421.3343	-0.005146139,0.6878561,0.002827114,0.7258233	air2_left	False	False	0,0,0	0,0,0,
-6.797962,89.14857,424.339	-0.00452871,0.6896254,0.002487919,0.7241479	air2_left	False	False	0,0,0	0,0,0,
-6.787503,88.37428,427.3438	-0.003985337,0.6911787,0.002189409,0.7226697	air2_left	False	False	0,0,0	0,0,0,
-6.777044,87.59198,430.3485	-0.003507146,0.6925427,0.001926707,0.7213658	air2_left	False	False	0,0,0	0,0,0,
-6.766585,86.80169,433.3532	-0.003086322,0.6937408,0.001695521,0.7202162	air2_left	False	False	0,0,0	0,0,0,
-6.756126,86.0034,436.3579	-0.002715987,0.6947935,0.001492071,0.7192026	air2_left	False	False	0,0,0	0,0,0,
-6.745667,85.19711,439.3627	-0.002390084,0.6957186,0.001313031,0.7183093	air2_left	False	False	0,0,0	0,0,0,
-6.735209,84.38281,442.3674	-0.002103285,0.6965316,0.001155473,0.7175221	air2_left	False	False	0,0,0	0,0,0,
-6.72475,83.56052,445.3721	-0.001850898,0.6972463,0.00101682,0.7168286	air2_left	False	False	0,0,0	0,0,0,
-6.714291,82.73022,448.3769	-0.001628795,0.6978745,0.0008948047,0.7162176	air2_left	False	False	0,0,0	0,0,0,
-6.703832,81.89193,451.3816	-0.001433343,0.698427,0.00078743,0.7156795	air2_left	False	False	0,0,0	0,0,0,
-6.693373,81.04564,454.3863	-0.001261344,0.6989127,0.0006929397,0.7152056	air2_left	False	False	0,0,0	0,0,0,
-6.682914,80.19135,457.3911	-0.001109984,0.6993399,0.0006097878,0.7147882	air2_left	False	False	0,0,0	0,0,0,
-6.672455,79.32906,460.3958	-0.0009767874,0.6997156,0.0005366138,0.7144207	air2_left	False	False	0,0,0	0,0,0,
-6.661996,78.45876,463.4005	-0.0008595737,0.700046,0.0004722206,0.7140971	air2_left	False	False	0,0,0	0,0,0,
-6.651537,77.58047,466.4052	-0.0007564253,0.7003366,0.0004155544,0.7138122	air2_left	False	False	0,0,0	0,0,0,
-6.641078,76.69418,469.41	-0.0006656547,0.7005923,0.0003656881,0.7135615	air2_left	False	False	0,0,0	0,0,0,
-6.630619,75.79988,472.4147	-0.0005857765,0.7008172,0.0003218057,0.7133407	air2_left	False	False	0,0,0	0,0,0,
-6.62016,74.89759,475.4194	-0.0005154834,0.701015,0.000283189,0.7131463	air2_left	False	False	0,0,0	0,0,0,
-6.609701,73.9873,478.4242	-0.0004536255,0.701189,0.0002492064,0.7129753	air2_left	False	False	0,0,0	0,0,0,
-6.599242,73.06901,481.4289	-0.0003991905,0.7013422,0.0002193017,0.7128246	air2_left	False	False	0,0,0	0,0,0,
-6.588783,72.14272,484.4336	-0.0003512877,0.7014769,0.0001929855,0.7126921	air2_left	False	False	0,0,0	0,0,0,
-6.578324,71.20842,487.4384	-0.0003091333,0.7015955,0.0001698273,0.7125754	air2_left	False	False	0,0,0	0,0,0,
-6.567865,70.26613,490.4431	-0.0002720373,0.7016998,0.000149448,0.7124727	air2_left	False	False	0,0,0	0,0,0,
-6.557406,69.31583,493.4478	-0.0002393928,0.7017915,0.0001315143,0.7123823	air2_left	False	False	0,0,0	0,0,0,
-6.546947,68.35754,496.4525	-0.0002106657,0.7018723,0.0001157326,0.7123028	air2_left	False	False	0,0,0	0,0,0,
-6.536489,67.39125,499.4573	-0.0001853858,0.7019433,0.0001018447,0.7122328	air2_left	False	False	0,0,0	0,0,0,
-6.52603,66.41695,502.462	-0.0001631395,0.7020058,8.96233E-05,0.7121712	air2_left	False	False	0,0,0	0,0,0,
-6.515571,65.43466,505.4667	-0.0001435628,0.7020608,7.88685E-05,0.712117	air2_left	False	False	0,0,0	0,0,0,
-6.505112,64.44437,508.4715	-0.0001263353,0.7021092,6.940428E-05,0.7120692	air2_left	False	False	0,0,0	0,0,0,
-6.494653,63.44608,511.4762	-0.000111175,0.7021518,6.107578E-05,0.7120273	air2_left	False	False	0,0,0	0,0,0,
-6.484194,62.43978,514.4809	-9.783403E-05,0.7021893,5.374668E-05,0.7119903	air2_left	False	False	0,0,0	0,0,0,
-6.473735,61.42549,517.4856	-8.609395E-05,0.7022223,4.729708E-05,0.7119578	air2_left	False	False	0,0,0	0,0,0,
-6.463276,60.40319,520.4903	-7.576268E-05,0.7022513,4.162143E-05,0.7119291	air2_left	False	False	0,0,0	0,0,0,
-6.452817,59.3729,523.495	-6.667116E-05,0.7022769,3.662687E-05,0.711904	air2_left	False	False	0,0,0	0,0,0,
-6.442358,58.33461,526.4997	-5.867062E-05,0.7022994,3.223164E-05,0.7118818	air2_left	False	False	0,0,0	0,0,0,
-6.431899,57.28831,529.5044	-5.163015E-05,0.7023191,2.836384E-05,0.7118623	air2_left	False	False	0,0,0	0,0,0,
-6.42144,56.23402,532.5091	-4.543453E-05,0.7023365,2.496018E-05,0.7118452	air2_left	False	False	0,0,0	0,0,0,
-6.410981,55.17173,535.5138	-3.998239E-05,0.7023519,2.196496E-05,0.71183	air2_left	False	False	0,0,0	0,0,0,
-6.400522,54.10143,538.5185	-3.51845E-05,0.7023653,1.932917E-05,0.7118167	air2_left	False	False	0,0,0	0,0,0,
-6.390063,53.02314,541.5232	-3.096236E-05,0.7023772,1.700966E-05,0.711805	air2_left	False	False	0,0,0	0,0,0,
-6.379604,51.93685,544.5279	-2.724688E-05,0.7023876,1.49685E-05,0.7117947	air2_left	False	False	0,0,0	0,0,0,
-6.369145,50.84255,547.5326	-2.397725E-05,0.7023968,1.317228E-05,0.7117857	air2_left	False	False	0,0,0	0,0,0,
-6.358686,49.74026,550.5373	-2.109998E-05,0.7024049,1.159161E-05,0.7117777	air2_left	False	False	0,0,0	0,0,0,
-6.348228,48.62996,553.542	-1.856799E-05,0.7024119,1.020062E-05,0.7117707	air2_left	False	False	0,0,0	0,0,0,
-6.337769,47.51167,556.5467	-1.633983E-05,0.7024182,8.976543E-06,0.7117645	air2_left	False	False	0,0,0	0,0,0,
-6.32731,46.38538,559.5514	-1.437905E-05,0.7024237,7.899358E-06,0.711759	air2_left	False	False	0,0,0	0,0,0,
-6.316851,45.25108,562.5561	-1.265356E-05,0.7024286,6.951435E-06,0.7117543	air2_left	False	False	0,0,0	0,0,0,
-6.306392,44.10879,565.5608	-1.113513E-05,0.7024328,6.117263E-06,0.7117501	air2_left	False	False	0,0,0	0,0,0,
-6.295933,42.9585,568.5655	-9.798919E-06,0.7024366,5.383192E-06,0.7117464	air2_left	False	False	0,0,0	0,0,0,
-6.285474,41.8002,571.5702	-8.623048E-06,0.7024398,4.737209E-06,0.7117431	air2_left	False	False	0,0,0	0,0,0,
-6.275015,40.63391,574.5749	-7.588283E-06,0.7024428,4.168744E-06,0.7117403	air2_left	False	False	0,0,0	0,0,0,
-6.264556,39.45961,577.5796	-6.677689E-06,0.7024453,3.668494E-06,0.7117378	air2_left	False	False	0,0,0	0,0,0,
-6.254097,38.27732,580.5843	-5.876366E-06,0.7024476,3.228275E-06,0.7117355	air2_left	False	False	0,0,0	0,0,0,
-6.243638,37.08703,583.589	-5.171202E-06,0.7024496,2.840882E-06,0.7117336	air2_left	False	False	0,0,0	0,0,0,
-6.233179,35.88873,586.5937	-4.550658E-06,0.7024513,2.499976E-06,0.7117319	air2_left	False	False	0,0,0	0,0,0,
-6.22272,34.68244,589.5984	-4.004579E-06,0.7024528,2.199979E-06,0.7117304	air2_left	False	False	0,0,0	0,0,0,
-6.212261,33.46814,592.6031	-3.52403E-06,0.7024542,1.935982E-06,0.711729	air2_left	False	False	0,0,0	0,0,0,
-6.201802,32.24585,595.6078	-3.101146E-06,0.7024554,1.703664E-06,0.7117279	air2_left	False	False	0,0,0	0,0,0,
-6.191343,31.01556,598.6125	-2.729009E-06,0.7024564,1.499224E-06,0.7117268	air2_left	False	False	0,0,0	0,0,0,
-6.180884,29.77726,601.6172	-2.401528E-06,0.7024573,1.319317E-06,0.711726	air2_left	False	False	0,0,0	0,0,0,
-6.170425,28.53097,604.6219	-2.113344E-06,0.7024581,1.160999E-06,0.7117251	air2_left	False	False	0,0,0	0,0,0,
-6.159966,27.27667,607.6266	-1.859743E-06,0.7024589,1.021679E-06,0.7117244	air2_left	False	False	0,0,0	0,0,0,
-6.149508,26.01438,610.6313	-1.636574E-06,0.7024595,8.990779E-07,0.7117238	air2_left	False	False	0,0,0	0,0,0,
-6.139049,24.74409,613.636	-1.440185E-06,0.70246,7.911885E-07,0.7117233	air2_left	False	False	0,0,0	0,0,0,
-6.12859,23.46579,616.6407	-1.267363E-06,0.7024605,6.962459E-07,0.7117228	air2_left	False	False	0,0,0	0,0,0,
-6.118131,22.1795,619.6454	-1.115279E-06,0.7024609,6.126965E-07,0.7117224	air2_left	False	False	0,0,0	0,0,0,
-6.107672,20.8852,622.6501	-9.814456E-07,0.7024612,5.391729E-07,0.711722	air2_left	False	False	0,0,0	0,0,0,
-6.097213,19.58291,625.6548	-8.636721E-07,0.7024616,4.744722E-07,0.7117217	air2_left	False	False	0,0,0	0,0,0,
-6.086754,18.27261,628.6595	-7.600315E-07,0.7024619,4.175355E-07,0.7117214	air2_left	False	False	0,0,0	0,0,0,
-6.076295,16.95432,631.6642	-6.688277E-07,0.7024621,3.674312E-07,0.7117211	air2_left	False	False	0,0,0	0,0,0,
-6.065836,15.62803,634.6689	-5.885684E-07,0.7024624,3.233395E-07,0.7117209	air2_left	False	False	0,0,0	0,0,0,
-6.055377,14.29373,637.6736	-5.179402E-07,0.7024626,2.845387E-07,0.7117207	air2_left	False	False	0,0,0	0,0,0,
-6.044918,12.95144,640.6783	-4.557874E-07,0.7024627,2.503941E-07,0.7117205	air2_left	False	False	0,0,0	0,0,0,
-6.034459,11.60114,643.683	-4.010929E-07,0.7024629,2.203468E-07,0.7117203	air2_left	False	False	0,0,0	0,0,0,
-6.024,10.24285,646.6877	-3.529617E-07,0.702463,1.939052E-07,0.7117202	air2_left	False	False	0,0,0	0,0,0,
-6.013541,8.876553,649.6924	-3.106063E-07,0.7024632,1.706366E-07,0.7117201	air2_left	False	False	0,0,0	0,0,0,
-6.003082,7.502258,652.6971	-2.733336E-07,0.7024633,1.501602E-07,0.71172	air2_left	False	False	0,0,0	0,0,0,
-5.992623,6.119964,655.7018	-2.405336E-07,0.7024634,1.32141E-07,0.7117199	air2_left	False	False	0,0,0	0,0,0,
-5.982164,4.729669,658.7065	-2.116695E-07,0.7024634,1.16284E-07,0.7117198	air2_left	False	False	0,0,0	0,0,0,
-5.971705,3.331374,661.7112	-1.862692E-07,0.7024635,1.0233E-07,0.7117198	air2_left	False	False	0,0,0	0,0,0,
-5.961246,1.925079,664.7159	-1.639169E-07,0.7024636,9.005036E-08,0.7117197	air2_left	False	False	0,0,0	0,0,0,
-5.950788,0.5107846,667.7206	-1.442469E-07,0.7024636,7.924432E-08,0.7117196	air2_left	False	False	0,0,0	0,0,0,
-5.940329,-0.9115102,670.7253	-1.269372E-07,0.7024637,6.9735E-08,0.7117196	air2_left	False	False	0,0,0	0,0,0,
-5.938822,-0.1984301,671.158	-1.117048E-07,0.7024637,6.13668E-08,0.7117195	air2_left	False	False	0,0,0	0,0,0,
-5.934647,-0.05581218,672.356	-9.83002E-08,0.7024638,5.400279E-08,0.7117195	air2_left	False	False	0,0,0	0,0,0,
-5.930433,-0.02729023,673.5663	-7.864016E-08,0.7024639,4.320224E-08,0.7117195	dash_land	False	False	0,0,0	0,0,0,
-5.926359,-0.02158624,674.7364	-6.291213E-08,0.7024639,3.456179E-08,0.7117194	dash_land	False	False	0,0,0	0,0,0,
-5.922456,-0.02044463,675.8575	-5.03297E-08,0.7024639,2.764943E-08,0.7117193	dash_land	False	False	0,0,0	0,0,0,
-5.918724,-0.02021551,676.9294	-4.026376E-08,0.7024639,2.211955E-08,0.7117193	dash_land	False	False	0,0,0	0,0,0,
-5.915157,-0.0201695,677.9539	-3.221101E-08,0.7024639,1.769564E-08,0.7117193	dash_land	False	False	0,0,0	0,0,0,
-5.911749,-0.02016008,678.9325	-2.576881E-08,0.7024639,1.415651E-08,0.7117193	dash_land	False	False	0,0,0	0,0,0,
-5.908494,-0.02015984,679.8672	-2.061505E-08,0.7024639,1.132521E-08,0.7117193	dash_land	False	False	0,0,0	0,0,0,
-5.905386,-0.0201596,680.7597	-1.649204E-08,0.7024639,9.060166E-09,0.7117193	dash_land	False	False	0,0,0	0,0,0,
-5.902419,-0.0201593,681.6118	-1.319363E-08,0.7024639,7.248133E-09,0.7117193	dash_land	False	False	0,0,0	0,0,0,
-5.899587,-0.02015907,682.4249	-1.05549E-08,0.7024639,5.798507E-09,0.7117193	dash_land	False	False	0,0,0	0,0,0,
-5.896884,-0.02015877,683.2007	-8.443924E-09,0.7024639,4.638805E-09,0.7117193	dash_land	False	False	0,0,0	0,0,0,
-5.894307,-0.02015847,683.9407	-6.755139E-09,0.7024639,3.711044E-09,0.7117193	dash_land	False	False	0,0,0	0,0,0,
-5.891849,-0.02015817,684.6463	-5.404111E-09,0.7024639,2.968835E-09,0.7117193	dash_land	False	False	0,0,0	0,0,0,
-5.889505,-0.02015787,685.3188	-4.323289E-09,0.7024639,2.375068E-09,0.7117193	dash_land	False	False	0,0,0	0,0,0,
-5.887272,-0.02016068,685.9597	-3.458632E-09,0.7024639,1.900055E-09,0.7117193	dash_land	False	False	0,0,0	0,0,0,
-5.885145,-0.02016348,686.5701	-2.766905E-09,0.7024639,1.520044E-09,0.7117193	dash_land	False	False	0,0,0	0,0,0,
-5.88312,-0.02016324,687.1514	-2.213524E-09,0.7024639,1.216035E-09,0.7117193	dash_land	False	False	0,0,0	0,0,0,
-5.881192,-0.02016294,687.7045	-1.770819E-09,0.7024639,9.72828E-10,0.7117193	dash_land	False	False	0,0,0	0,0,0,
-5.879357,-0.0201627,688.2308	-1.416656E-09,0.7024639,7.782625E-10,0.7117193	dash_land	False	False	0,0,0	0,0,0,
-5.877613,-0.0201624,688.7311	-1.133325E-09,0.7024639,6.2261E-10,0.7117193	dash_land	False	False	0,0,0	0,0,0,
-5.875955,-0.02016211,689.2067	-9.066596E-10,0.7024639,4.98088E-10,0.7117193	dash_land	False	False	0,0,0	0,0,0,
-5.87438,-0.02016187,689.6584	-7.253277E-10,0.7024639,3.984704E-10,0.7117193	dash_land	False	False	0,0,0	0,0,0,
-5.872885,-0.02016157,690.0873	-5.802622E-10,0.7024639,3.187763E-10,0.7117193	dash_land	False	False	0,0,0	0,0,0,
-5.871466,-0.02016127,690.4943	-4.642098E-10,0.7024639,2.55021E-10,0.7117193	dash_land	False	False	0,0,0	0,0,0,
-5.87012,-0.02016097,690.8801	-3.713678E-10,0.7024639,2.040168E-10,0.7117193	dash_land	False	False	0,0,0	0,0,0,
-5.868845,-0.02016068,691.2457	-2.970943E-10,0.7024639,1.632135E-10,0.7117193	dash_land	False	False	0,0,0	0,0,0,
-5.867637,-0.02016342,691.5919	-2.376754E-10,0.7024639,1.305708E-10,0.7117193	dash_land	False	False	0,0,0	0,0,0,
-5.866494,-0.02016306,691.9194	-1.901403E-10,0.7024639,1.044566E-10,0.7117193	dash_land	False	False	0,0,0	0,0,0,
-5.865413,-0.0201627,692.2291	-1.521123E-10,0.7024639,8.35653E-11,0.7117193	dash_land	False	False	0,0,0	0,0,0,
-5.864392,-0.02016234,692.5215	-1.216898E-10,0.7024639,6.685224E-11,0.7117193	dash_land	False	False	0,0,0	0,0,0,
-5.863429,-0.02016199,692.7975	-9.735183E-11,0.7024639,5.348179E-11,0.7117193	dash_land	False	False	0,0,0	0,0,0,
-5.86252,-0.02016163,693.0576	-7.788147E-11,0.7024639,4.278543E-11,0.7117193	dash_land	False	False	0,0,0	0,0,0,
-5.861665,-0.02016127,693.3026	-6.230517E-11,0.7024639,3.422835E-11,0.7117193	dash_land	False	False	0,0,0	0,0,0,
-5.86086,-0.02016091,693.5328	-4.984414E-11,0.7024639,2.738268E-11,0.7117193	dash_land	False	False	0,0,0	0,0,0,
-5.860105,-0.0201636,693.7491	-3.987531E-11,0.7024639,2.190614E-11,0.7117193	dash_land	False	False	0,0,0	0,0,0,
-5.859396,-0.02016324,693.952	-3.190025E-11,0.7024639,1.752492E-11,0.7117193	dash_land	False	False	0,0,0	0,0,0,
-5.858731,-0.02016288,694.142	-2.55202E-11,0.7024639,1.401993E-11,0.7117193	dash_land	False	False	0,0,0	0,0,0,
-5.85811,-0.02016252,694.3195	-2.041616E-11,0.7024639,1.121595E-11,0.7117193	dash_land	False	False	0,0,0	0,0,0,
-5.857531,-0.02016222,694.4852	-1.633293E-11,0.7024639,8.972757E-12,0.7117193	dash_land	False	False	0,0,0	0,0,0,
-5.856991,-0.02016187,694.6394	-1.306634E-11,0.7024639,7.178206E-12,0.7117193	dash_land	False	False	0,0,0	0,0,0,
-5.85649,-0.02016151,694.7827	-1.045308E-11,0.7024639,5.742565E-12,0.7117193	dash_land	False	False	0,0,0	0,0,0,
-5.856025,-0.02016115,694.9153	-8.362461E-12,0.7024639,4.594052E-12,0.7117193	stand	False	False	0,0,0	0,0,0,
-5.856025,-0.02016079,694.9153	-6.689969E-12,0.7024639,3.675242E-12,0.7117193	stand	False	False	0,0,0	0,0,0,
-5.856025,-0.02016348,694.9153	-5.351975E-12,0.7024639,2.940193E-12,0.7117193	stand	False	False	0,0,0	0,0,0,
-5.856025,-0.02016312,694.9153	-4.28158E-12,0.7024639,2.352154E-12,0.7117193	stand	False	False	0,0,0	0,0,0,
